0,438
0,437
0,436
0,435
0,434
0,433
0,432
19,3
19,2
19,1
19,0
18,4
18,3
18,2
18,1
18,0
17,4
17,3
17,2
17,1
17,0
16,6
16,5
16,4
16,3
16,2
16,1
16,0
15,3
15,2
15,1
15,0
14,4
14,3
14,2
14,1
14,0
13,7
13,6
13,5
13,4
13,3
13,2
13,1
13,0
12,4
12,3
12,2
12,1
12,0
11,5
11,4
11,3
11,2
11,1
11,0
10,5
10,4
10,3
10,2
10,1
10,0
9,4
9,3
9,2
9,1
9,0
8,4
8,3
8,2
8,1
8,0
7,4
7,3
7,2
7,1
7,0
6,3
6,2
6,1
6,0
5,4
5,3
5,2
5,1
5,0
4,3
4,2
4,1
4,0
3,6
3,5
3,4
3,3
3,2
3,1
3,0
2,14
2,13
2,12
2,11
2,10
2,9
2,8
2,7
2,6
2,5
2,4
2,3
2,2
2,1
2,0
1,3
1,2
1,1
1,0
0,428
0,412
0,387
0,324
0,243
0,9
0,0
0,1
0,427
0,300
0,426
0,299
0,425
0,298
0,424
0,297
0,423
0,296
0,422
0,295
0,294
0,421
0,293
0,292
0,420
0,291
0,419
0,290
0,289
0,418
0,288
0,287
0,417
0,286
0,416
0,285
0,415
0,284
0,283
0,414
0,282
0,413
0,281
0,411
0,280
0,410
0,279
0,409
0,278
0,408
0,277
0,407
0,276
0,406
0,275
0,405
0,274
0,404
0,273
0,403
0,272
0,402
0,271
0,401
19,4
20,0
20,2
20,3
21,0
21,1
21,3
21,5
22,0
22,2
22,3
22,5
23,1
23,2
23,4
24,0
24,2
24,3
24,5
25,1
25,2
25,4
25,5
26,1
26,3
26,4
27,1
27,2
28,0
28,1
28,3
29,1
29,2
29,4
30,0
30,2
30,4
31,0
31,2
31,3
31,5
32,0
32,2
33,0
33,1
33,3
33,4
34,1
34,3
34,4
35,0
35,1
35,3
36,0
36,1
36,3
36,4
37,1
37,2
37,4
38,1
38,2
38,4
38,5
39,0
39,2
39,3
39,5
40,0
40,2
40,3
40,5
41,1
41,2
41,4
41,5
42,1
42,3
42,4
43,1
43,2
43,4
43,5
44,1
44,3
44,4
45,1
45,2
45,4
46,1
46,2
47,0
47,1
47,3
48,1
48,2
49,0
49,1
49,3
49,4
50,0
50,2
50,3
51,1
51,2
52,0
52,2
52,3
53,1
53,2
53,4
53,5
54,1
54,3
55,0
55,2
55,3
55,5
56,1
56,2
56,4
57,0
57,2
57,3
58,0
58,2
58,3
59,0
59,1
59,3
59,5
60,0
60,2
60,3
61,1
61,2
61,5
62,1
62,2
62,4
63,0
63,2
64,0
64,1
64,3
64,4
65,0
65,2
65,3
66,1
66,2
67,0
67,1
67,3
68,1
68,2
69,0
69,1
69,3
70,1
70,2
72,0
72,1
72,3
72,4
74,1
74,3
75,0
75,2
75,3
76,0
76,2
76,3
76,5
77,0
77,2
77,3
77,5
78,0
78,1
78,3
79,0
79,2
79,4
79,3
79,1
78,2
77,6
77,4
77,1
76,4
76,1
75,4
75,1
74,2
74,0
72,2
70,3
70,0
69,2
68,3
68,0
67,2
66,3
66,0
65,1
64,5
64,2
63,3
63,1
62,3
62,0
61,3
61,0
60,1
59,4
59,2
58,4
58,1
57,4
57,1
56,3
56,0
55,4
55,1
54,2
54,0
53,3
53,0
52,1
51,3
51,0
50,1
49,5
49,2
48,3
48,0
47,2
46,3
46,0
45,3
45,0
44,2
44,0
43,3
43,0
42,2
42,0
41,3
41,0
40,4
40,1
39,4
39,1
38,6
38,3
38,0
37,3
37,0
36,2
35,4
35,2
34,5
34,2
34,0
33,2
32,3
32,1
31,4
31,1
30,3
30,1
29,3
29,0
28,2
27,3
27,0
26,2
26,0
25,3
25,0
24,4
24,1
23,3
23,0
22,4
22,1
21,4
21,2
20,4
20,1
0,270
0,400
0,269
0,399
0,268
0,398
0,267
0,397
0,266
0,396
0,265
0,395
0,264
0,394
0,263
0,431
0,262
0,393
0,261
0,430
0,260
0,392
0,259
0,391
0,258
0,390
0,257
0,389
0,256
0,388
0,255
0,385
0,254
0,384
0,253
0,383
0,252
0,382
0,251
0,381
0,250
0,380
0,249
0,379
0,248
0,378
0,247
0,377
0,246
0,245
0,376
0,244
0,242
0,375
0,241
0,374
0,240
0,373
0,239
0,372
0,238
0,371
0,237
0,370
0,236
0,369
0,235
0,368
0,234
0,367
0,233
0,366
0,232
0,365
0,231
0,364
0,230
0,363
0,229
0,362
0,228
0,361
0,227
0,360
0,226
0,359
0,225
0,358
0,224
0,357
0,223
0,356
0,222
0,355
0,221
0,429
0,220
0,354
0,219
0,353
0,218
0,352
0,217
0,351
0,216
0,350
0,215
0,349
0,214
0,348
0,213
0,347
0,212
0,346
0,211
0,345
0,210
0,344
0,209
0,343
0,208
0,342
0,207
0,341
0,206
0,340
0,205
0,339
0,204
0,338
0,203
0,337
0,202
0,336
0,201
0,335
0,200
0,334
0,199
0,333
0,198
0,332
0,197
0,331
0,196
0,330
0,195
0,329
0,194
0,328
0,193
0,327
0,192
0,326
0,63
0,325
0,62
0,323
0,61
0,322
0,60
0,321
0,59
0,320
0,58
0,319
0,57
0,318
0,56
0,317
0,55
0,316
0,54
0,315
0,53
0,314
0,52
0,313
0,51
0,312
0,50
0,311
0,49
0,310
0,48
0,309
0,47
0,308
0,46
0,307
0,45
0,301
0,6
0,5
0,304
0,303
0,306
0,305
0,302
0,12
0,386
0,10
0,8
0,11
0,4
0,2
0,3
0,7
